PRÁCTICA 04

alf="AÁBCDEÉFGHIÍJKLMNÑOÓPQRSTUÚVWXYZ .,;:()¿?¡!-0123456789aábcdeéfghiíjklmnñoópqrstuúvwxyz"

A=
[1,0,1,0,1,0,1,1,1],
[1,0,1,0,1,1,0,0,1],
[1,0,1,1,0,1,1,0,0],
[0,1,0,1,0,0,1,1,0],
[0,0,1,1,1,0,0,1,1],
[1,1,1,1,0,0,0,0,0]


lista=[1,1,0,1,0,0,0,1,0,1,0,0,1,1,0,0,0,1,1,1,1,0,1,1,1,0,1,1,1,0,1,1,0,1,1,1,0,1,0,1,0,1,0,0,0,0,0,1,0,1,0,1,1,0,0,1,0,0,1,1,1,1,1,0,0,0,0,0,1,0,0,0,1,1,0,1,1,1,1,1,1,0,0,1,1,0,1,1,0,0,1,0,1,1,1,0,0,0,1,0,1,1,0,0,1,1,1,0,0,1,0,1,0,1,0,1,0,1,1,1,0,0,1,0,1,0,0,0,0,1,1,1,0,1,1,0,0,0,1,0,0,1,0,1,1,0,1,1,0,0,0,1,1,1,0,0,0,1,0,0,1,1,1,0,1,0,1,1,0,0,1,1,1,1,1,0,0,0,0,0,1,0,0,1,0,1,1,1,1,1,0,0,0,0,0,1,0,1,0,0,1,0,0,0,1,0,1,0,1,0,0,0,0,1,0,1,1,0,1,1,1,0,0,1,1,0,0,0,1,1,0,0,1,1,1,0,1,1,1,0,0,1,1,0,1,0,1,1,1,0,1,0,1,0,1,1,0,0,1,0,1,0,1,1,0,0,0,1,0,0,0,0,0,1,1,0,0,1,1,1,0,1,1,1,0,0,1,1,0,1,1,1,0,1,1,1,0,0,1,1,0,0,0,0,1,0,1,0,1,1,0,1,1,0,0,1,1,0,1,0,1,0,1,0,1,1,1,0,0,1,0,1,1,1,0,0,1,0,1,1,0,1,1,0,0,0,0,1,1,1,1,0,1,0,0,0,1,1,0,0,0,1,1,0,0,1,0,1,0,0,1,0,0,1,1,1,1,1,0,1,1,0,0,0,1,0,0,1,0,0,0,0,0,1,1,0,0,1,1,0,1,1,0,1,1,0,0,1,0,0,0,1,0,1,0,1,0,1,1,1,0,1,0,0,1,1,0,1,1,0,0,0,1,0,0,1,1,0,1,1,0,1,0,0,1,0,1,0,1,0,0,0,0,0,0,1,0,1,0,1,0,0,1,1,0,0,0,0,0,1,0,0,1,0,1,0,0,1,1,0,0,0,1,1,1,0,0,0,1,0,0,1,0,0,0,0,0,1,1,1,1,0,1,1,1,0,0,0,0,0,0,1,1,0,1,0,0,1,1,1,1,0,0,0,1,1,0,1,1,0,1,1,0,1,1,1,0,0,1,1,0,1,0,1,1,0,1,1,0,1,1,1,0,0,1,1,0,0,1,0,1,0,1,0,1,0,1,0,0,0,0,0,0,1,1,1,0,1,0,1,0,0,1,1,0,0,1,0,1,0,0,1,0,1,0,0,1,0,0,0,0,1,0,0,1,1,1,0,0,1,1,1,0,1,1,0,0,1,0,0,1,1,1,1,0,0,1,0,1,0,0,1,0,0,1,1,1,0,1,0,1,1,0,0,1,0,1,0,1,0,0,0,1,0,1,1,1,0,0,1,0,1,1,0,1,0,1,1,0,0,0,1,1,0,0,1,1,0,1,0,1,1,1,1,0,0,0,1,0,0,1,0,1,1,0,1,1,0,1,0,0,1,0,0,0,1,1,0,0,0,1,1,1,1,1,0,0,0,0,0,0,0,1,0,0,0,0,0,0,1,0,1,0,1,0,1,0,1,1,0,0,1,0,1,0,1,0,1,1,1,0,1,0,1,0,0,0,1,0,1,1,1,0,0,1,1,1,1,1,0,1,1,1,1,0,1,0,1,0,1,0,0,0,0,0,0,1,1,1,1,1,1,1,1,1,1,1,0,0,0,0,0,1,0,1,1,1,0,0,1,1,1,1,1,0,0,0,1,1,0,1,1,0,1,1,1,1,1,1,0,0,1,1,1,1,1,0,0,0,1,1,0,0,0,0,0,1,0,1,0,1,1,0,0,1,0,1,1,1,0,0,1,0,1,1,0,1,1,0,0,0,0,1,1,1,1,0,1,0,0,0,1,1,0,0,0,0,1,1,1,0,0,1,0,0,1,1,1,0,1,1,0,1,0,1,0,1,1,0,0,0,0,0,1,0,0,0,1,1,1,1,0,1,0,0,0,1,1,0,0,1,0,1,0,0,1,1,0,1,1,0,1,1,0,0,1,1,0,0,1,0,1,0,1,0,1,1,0,0,1,1,0,1,1,1,1,1,1,0,1,1,1,0,0,1,1,1,1,0,0,0,1,1,1,0,1,0,1,0,1,1,1,0,1,0,0,0,1,0,1,0,0,1,1,0,1,1,1,1,0,1,1,1,1,0,1,0,1,0,1,1,0,0,0,0,1,0,0,0,0,0,0,0,0,0,1,1,1,0,0,0,0,1,1,1,1,0,0,0,1,1,1,0,0,1,1,1,0,0,1,0,0,1,0,0,1,1,1,0,0,0,1,0,1,1,0,1,1,0,0,0,1,1,1,1,1,1,0,0,1,1,0,1,0,1,1,1,1,1,0,0,1,1,1,0,0,1,0,1,0,0,0,0,1,1,0,1,0,0,1,0,0,1,0,0,0,0,1,0,0,1,0,0,0,1,1,0,1,0,1,1,1,0,0,1,1,0,1,1,0,1,1,0,1,1,1,1,1,0,0,0,0,0,1,0,0,1,0,0,0,0,1,0,1,1,0,0,0,1,1,1,1,1,0,1,0,0,0,0,0,0,0,0,0,1,1,0,1,0,1,0,1,0,0,0,0,0,0,1,1,1,1,1,0,1,0,0,1,1,1,0,0,0,1,1,1,0,0,1,1,0,1,0,0,1,1,0,0,1,0,0,0,1,1,0,1,1,1,1,0,1,0,1,1,1,1,0,0,0,1,1,0,0,0,0,0,1,0,1,0,1,1,0,0,1,0,0,0,1,1,0,1,0,0,1,0,1,0,1,0,1,0,1,1,0,0,1,1,1,0,1,1,0,1,1,0,1,1,1,1,1,0,1,1,1,1,0,0,0,1,0,1,1,1,0,1,1,0,1,1,1,1,1,0,1,1,0,0,0,0,0,0,1,0,1,0,1,0,0,0,1,0,1,0,1,0,0,1,1,1,1,0,0,0,1,0,0,1,0,0,0,1,0,1,0,1,1,0,0,1,0,1,0,0,0,1,1,1,1,1,1,1,1,1,1,0,0,0,1,0,1,0,0,1,1,0,1,1,0,0,1,1,1,1,1,0,0,1,0,0,1,0,0,1,1,1,1,1,0,0,0,1,1,1,1,0,1,1,1,0,1,1,0,0,0,0,0,0,0,0,0,0,0,0,0,0,1,1,0,1,0,1,0,1,1,0,0,0,1,0,1,1,0,0,1,0,1,0,1,0,1,0,1,1,1,0,1,1,1,1,1,1,1,0,1,1,1,0,0,1,1,1,0,0,0,1,1,0,1,1,0,0,0,1,0,1,0,0,0,1,1,0,0,1,1,1,1,1,0,1,0,1,1,1,1,1,0,0,0,1,0,1,0,1,0,0,0,0,1,0,1,0,0,0,0,0,0,0,0,0,1,1,0,0,1,0,1,0,1,0,1,0,1,1,1,1,1,0,0,0,0,1,0,0,1,0,0,1,0,0,1,1,0,0,1,1,1,0,0,1,0,1,0,1,0,0,0,0,0,1,0,0,1,0,1,0,0,1,1,0,0,0,1,1,1,1,1,1,0,0,1,0,0,1,1,0,0,0,1,1,0,0,1,1,1,0,1,1,1,0,0,0,1,0,0,0,0,0,1,0,0,0,1,1,0,1,1,0,0,0,1,0,1,1,1,1,0,0,0,1,1,1,1,0,1,1,0,1,1,0,0,0,1,0,0,1,0,0,1,1,0,1,1,0,1,1,1,0,0,1,0,0,0,0,0,0,0,0,0,1,1,0,1,0,1,0,1,0,0,0,1,1,1,0,0,1,0,0,1,1,1,1,1,0,1,1,0,0,1,0,0,0,1,1,0,1,0,1,0,1,0,1,0,1,1,0,1,1,0,0,1,1,0,0,1,0,1,0,1,0,1,0,1,1,1,0,1,1,0,1,1,1,0,1,1,1,0,0,1,1,1,0,0,1,1,1,1,1,0,0,1,1,1,0,1,0,0,0,0,0,0,1,1,1,1,1,1,1,1,1,0,1,0,0,0,0,0,1,0,1,0,0,1,1,0,1,0,1,0,1,0,0,0,1,1,1,0,0,1,1,0,0,1,0,1,1,0,0,0,1,0,1,0,1,0,0,1,0,0,1,0,0,1,0,1,1,1,0,0,1,1,0,1,0,0,1,1,0,1,0,1,0,1,1,1,0,0,0,0,0,1,0,1,1,0,0,1,0,1,0,1,0,1,0,0,0,0,0,0,1,1,0,1,0,1,1,0,0,0,1,0,1,1,0,0,1,0,0,1,1,1,1,1,0,1,0,1,0,0,1,0,0,1,0,0,1,0,1,0,0,1,1,0,1,1,0,1,1,0,0,1,1,1,0,0,0,0,1,1,1,1,0,0,0,1,0,1,1,1,0,0,1,0,1,0,1,1,0,0,1,0,0,1,0,1,0,1,0,0,1,0,1,0,1,0,0,1,0,1,1,0,1,1,0,0,0,0,0,1,0,1,1,1,1,1,0,0,1,0,1,0,1,0,0,0,0,1,0,0,0,0,1,1,1,1,0,1,1,1,0,1,0,1,1,1,1,0,1,0,0,1,1,1,0,1,1,1,0,1,0,0,1,0,1,0,1,0,1,1,1,0,0,0,0,0,0,1,0,0,1,0,0,1,0,0,0,1,1,1,1,0,1,0,0,1,0,1,0,1,0,1,0,1,0,1,1,0,1,0,0,0,1,1,0,0,0,1,1,0,1,0,0,0,1,0,0,1,0,0,0,0,0,0,1,0,0,0,0,1,1,1,0,0,1,1,0,1,0,1,1,1,0,1,0,1,1,1,0,0,1,1,0,0,1,1,0,0,0,1,1,1,0,0,1,1,0,0,0,1,0,1,1,1,1,1,1,0,0,0,1,0,1,1,0,0,1,0,1,1,0,0,1,0,1,0,0,1,0,1,1,1,1,1,1,1,1,1,1,1,1,0,0,1,1,0,0,1,0,0,0,1,1,1,1,1,0,1,1,0,0,1,1,1,1,1,0,0,0,0,0,0,1,1,0,0,0,0,0,0,0,0,0,0,0,0,1,0,1,1,0,1,1,0,1,0,0,0,1,1,0,1,1,0,1,1,1,1,0,0,1,1,0,1,0,1,0,0,1,1,0,1,1,0,1,1,0,1,1,0,0,0,0,0,0,0,1,0,0,1,1,1,0,0,1,1,1,0,0,1,1,1,0,1,0,1,1,0,1,1,1,1,1,1,0,0,1,0,0,0,1,1,0,1,0,1,0,1,1,1,1,0,1,1,1,1,1,1,1,1,1,0,1,0,1,0,1,1,0,1,0,1,1,0,0,1,1,1,0,0,0,1,1,1,1,1,0,0,0,0,0,0,0,1,0,1,0,1,0,0,1,0,0,1,0,0,1,0,1,0,1,1,1,0,0,1,0,0,1,0,0,1,1,1,0,0,0,1,0,1,0,1,0,1,1,1,1,0,1,1,0,1,0,0,0,1,1,1,0,1,1,0,1,0,0,0,1,0,0,0,0,0,1,1,1,0,0,0,0,0,1,1,1,0,0,1,0,1,0,1,0,1,1,0,0,1,0,1,0,1,0,1,1,0,0,1,0,0,0,1,0,0,1,0,1,1,0,1,1,0,0,0,1,0,0,1,0,0,0,0,0,0,0,0,0,0,0,0,0,1,1,1,0,1,0,1,0,0,1,1,0,1,1,0,0,1,0,0,0,1,0,0,0,1,1,0,0,1,0,0,0,1,1,0,1,1,1,0,0,1,1,0,1,1,1,0,0,1,0,1,1,0,1,1,0,0,0,0,0,0,0,1,1,0,1,0,1,0,1,1,1,1,1,0,0,0,0,0,1,0,1,1,1,0,0,1,0,0,0,1,0,1,0,0,1,1,0,0,0,1,0,0,1,0,1,1,0,0,0,1,0,0,0,1,1,0,0,0,1,0,0,0,1,1,1,1,0,0,0,0,0,1,0,0,0,0,0,0,1,0,1,0,1,0,0,0,1,1,0,0,0,1,0,1,1,1,1,0,0,0,1,0,1,0,0,1,1,1,0,1,0,1,1,0,0,1,0,0,0,0,1,1,1,0,1,0,0,0,1,1,0,1,1,1,1,0,0,0,1,1,0,1,1,0,1,1,1,1,0,0,0,1,0,1,0,1,0,1,0,0,0,0,0,1,0,0,0,0,0,1,1,1,0,0,1,1,0,0,1,1,1,0,0,0,0,1,0,1,0,1,0,0,0,1,0,0,0,1,1,0,1,1,1,0,0,1,1,1,0,1,1,1,0,0,0,0,1,1,1,1,1,1,0,1,0,1,1,0,1,0,1,1,0,1,1,1,1,0,1,0,1,0,0,0,1,0,0,0,1,1,0,1,1,1,1,0,1,0,1,0,0,1,0,0,1,1,1,0,1,1,0,0,1,1,0,1,1,0,1,1,1,1,1,0,1,1,0,1,1,1,1,1,1,1,1,1,0,0,1,1,0,0,1,1,1,0,0,0,1,0,0,1,0,1,1,1,1,1,1,0,0,0,0,0,1,0,1,1,0,1,0,0,0,0,0,0,1,1,1,1,1,0,1,1,1,0,0,0,1,0,1,0,0,1,1,0,0,1,0,0,0,0,0,0,1,1,1,0,0,1,1,1,0,1,0,0,1,1,1,1,1,0,0,0,0,0,1,1,1,0,1,1,0,0,1,0,0,0,1,1,0,0,0,0,1,0,1,1,0,1,0,0,1,0,0,0,0,0,1,1,1,0,1,1,0,0,0,1,1,0,0,0,0,1,1,0,1,0,1,1,1,1,1,1,1,1,0,1,1,1,0,1,1,0,1,0,0,0,1,1,0,0,1,1,1,0,0,0,0,1,0,0,0,1,1,0,0,0,0,1,0,1,1,0,1,0,0,1,0,0,0,1,0,0,1,1,0,0,0,1,0,0,1,0,0,0,1,1,1,1,0,0,0,0,0,0,0,1,1,1,0,0,1,0,0,1,0,0,0,0,1,1,0,1,0,1,0]