MODELO 1

alf="abcdefghijklmnopqrstuvwxyzABCDEFGHIJKLMNOPQRSTUVWXYZ .,;¿?¡!"

lista=[1,0,0,1,1,0,0,1,0,0,1,1,0,0,0,1,0,0,1,1,0,0,1,1,0,0,1,
1,0,0,1,1,1,1,0,0,1,0,0,1,1,0,0,0,0,0,0,0,0,0,1,0,0,1,1,
0,1,0,0,0,1,1,1,0,0,0,1,0,1,1,0,0,0,0,0,0,0,1,1,0,1,0,1,
0,1,1,0,1,0,1,0,0,1,1,1,0,0,0,0,1,0,0,1,1,0,1,0,0,1,1,0,
0,0,1,0,0,1,1,0,1,1,1,0,1,0,0,1,1,0,1,0,1,0,0,0,0,0,0,0,
0,0,1,1,1,0,0,0,0,0,0,0,0,0,0,0,0,0,0,0,0,0,0,0,0,1,0,1,
1,0,0,0,1,0,1,1,0,0,0,0,0,0,0,1,0,0,0,1,1,1,0,1,0,0,1,1,
0,1,0,1,1,0,0,1,0,1,0,0,1,1,0,0,0,0,0,0,0,0,1,0,0,0,1,1,
1,1,1,1,0,1,0,0,0,0,1,1,1,1,0,0,1,0,1,1,0,1,0,0,1,0,1,0,
1,0,0,0,1,0,1,1,0,0,0,0,0,0,0,0,1,1,0,0,1,1,0,1,0,1,1,0,
1,0,0,0,0,0,0,0,1,0,0,0,1,1,1,0,0,0,0,0,0,0,1,1,0,0,0,0,
1,1,1,1,0,1,0,0,1,1,1,0,1,0,0,1,1,1,1,1,1,1,1,0,1,1,0,0,1]



MODELO 2

alf="abcde ABCDEfghijklmnFGHIJKLMNopqrstuvwxyzOPQRSTUVWXYZ.,;¿?¡!"

lista=[0,1,0,1,1,0,1,1,0,0,0,1,1,1,0,0,0,0,0,0,0,0,0,0,0,0,0,
0,0,1,0,0,1,1,0,0,1,0,0,1,1,0,0,0,1,1,1,1,0,1,0,1,0,0,1,
0,0,0,0,1,0,1,1,0,0,0,1,0,1,1,0,1,1,0,0,1,1,0,0,1,0,1,0,
1,0,0,0,1,0,1,1,0,0,1,0,1,0,1,0,0,0,0,0,0,0,0,1,0,0,1,1,
0,1,0,0,0,1,1,1,1,1,1,0,1,0,0,0,1,0,0,1,1,0,1,1,0,0,0,0,
1,0,0,0,0,0,0,0,0,0,0,0,0,0,0,1,1,0,1,0,1,0,1,1,0,1,0,1,
0,0,0,0,1,0,1,1,0,1,0,1,1,0,1,0,0,0,1,0,1,1,0,0,0,0,0,0,
0,0,0,0,0,0,0,0,0,1,0,1,1,0,1,0,1,1,1,0,0,0,1,0,1,0,0,1,
0,0,0,0,0,0,0,0,0,0,0,0,0,0,0,0,0,0,0,0,0,0,0,0,1,0,1,0,
1,1,0,0,0,1,1,1,1,0,0,0,1,1,1,1,1,1,0,1,0,0,0,0,0,0,0,0,
0,1,0,0,0,1,1,1,0,0,0,0,0,0,0,1,1,0,1,0,1,0,0,1,0,0,1,1,
0,0,1,0,1,1,0,1,0,0,1,0,1,0,1,1,0,0,1,1,0,0,0,0,0,1,0,1,
1,0,0,0,1,0,1,1,0,1,0,1,1,0,1,0,0,1,0,1,0,1,0,0,0,1,0,1,
1,0,0,0,1,0,1,1,0,0,1,1,1,1,0,1,0,0,0,1,1,1,0,1,0,0,1,1,
0,0,0,0,0,0,0,0,0,0,1,1,1,1,0,1,1,0,0,0,0,1,0,1,0,0,1,1,
0,0,0,0,1,0,1,1,0,1,0,0,1,1,0,0,1,0,0,1,1,0,1,0,0,0,1,1,
1,0,1,0,0,1,1,0,0,1,0,1,1,0,1,0,0,0,0,0,0,0,1,0,0,1,1,0,
0,1,1,0,1,0,1,0,1,0,0,0,1,1,1,0,0,1,0,1,0,1,0,0,0,0,0,0,
0,0,0,0,1,0,1,1,0,0,0,0,0,0,0,0,0,1,0,1,0,1,1,0,0,0,1,1,
1,1,0,0,1,1,0,0,1,1,0,1,0,1,0,1,1,1,0,1,0,0,1,1,1,1,1,1,
1,1,0,1,1,0,0,1]
